%YAML:1.0
e_vectors: !!opencv-matrix
   rows: 28
   cols: 128
   dt: f
   data: [ -3.22468728e-002, -2.42480803e-002, -2.51086969e-002,
       -1.87154654e-002, 9.59421508e-003, 2.15333384e-002,
       5.00561902e-003, -6.81011006e-003, 4.10733558e-002,
       1.08183157e-002, -1.45762209e-002, -2.51490809e-003,
       1.74283553e-002, -4.95726883e-004, -2.54793372e-002,
       -6.76127523e-002, 3.09443712e-001, 7.32769966e-002,
       -2.94944160e-002, -4.20797691e-002, -9.75472853e-002,
       -6.68929517e-002, -5.61840199e-002, 1.84647236e-002,
       4.81934324e-002, -2.33618338e-002, -4.01661843e-002,
       -3.77892926e-002, -3.14168110e-002, -1.54163744e-002,
       -1.79280862e-002, 1.14878712e-005, -7.87678808e-002,
       -1.73955783e-002, -1.73800047e-002, -1.71316713e-002,
       -7.55940517e-003, 1.65585373e-002, 1.50618097e-002,
       -6.15351135e-003, -1.10318698e-001, -3.49739240e-003,
       2.87529770e-002, 6.20025918e-002, 8.23349878e-002,
       1.74040161e-002, -7.27980584e-002, -1.94507033e-001,
       3.76865268e-001, 1.35359660e-001, -1.58857089e-002,
       -7.92793185e-002, -2.17745125e-001, -1.98768228e-001,
       -1.40371770e-001, -2.47734636e-002, 9.30623412e-002,
       -1.97348576e-002, -5.07321917e-002, -4.74774726e-002,
       -4.99871448e-002, -4.36012186e-002, -5.14648370e-002,
       -2.01550610e-002, -8.05887431e-002, 8.46907205e-004,
       1.88712366e-002, 1.10019799e-002, -1.12450654e-002,
       -1.57530084e-002, -1.00710029e-002, -1.65996905e-002,
       -1.17874920e-001, -1.91862464e-001, -7.12620690e-002,
       1.74353570e-002, 7.72928521e-002, 6.46726191e-002,
       4.04892340e-002, 3.51244886e-003, 3.71306002e-001,
       -2.19283067e-002, -1.36116862e-001, -1.91598296e-001,
       -2.11094230e-001, -8.66058320e-002, -2.08920892e-002,
       1.37393624e-001, 9.28721577e-002, -1.67022943e-002,
       -4.38084640e-002, -4.05687392e-002, -4.92695384e-002,
       -5.57794869e-002, -5.36834188e-002, -1.85874347e-002,
       -3.00061107e-002, 1.60924101e-003, 7.71229342e-003,
       1.29818525e-002, -3.72783490e-003, -1.91894453e-002,
       -2.46395990e-002, -2.31088717e-002, 3.18901278e-002,
       -5.45720495e-002, -2.54880823e-002, 1.29760080e-003,
       2.08943598e-002, -1.41789485e-003, -1.48781203e-002,
       3.85190081e-003, 2.96735913e-001, 2.43802108e-002,
       -5.81297502e-002, -6.76022097e-002, -9.38795283e-002,
       -4.63637263e-002, -3.37213613e-002, 6.87272251e-002,
       4.74097542e-002, 2.77888984e-003, -1.67144462e-002,
       -1.70955267e-002, -2.55632959e-002, -4.11999635e-002,
       -4.01082449e-002, -1.72368418e-002, 2.84814779e-002,
       -1.62541196e-002, -5.04612364e-002, -4.41347137e-002,
       -3.55997942e-002, -5.07071577e-002, -5.19424081e-002,
       -2.92074587e-002, 3.42606932e-001, 1.46647673e-002,
       -7.69738108e-002, -9.79415402e-002, -1.03014633e-001,
       -6.73927888e-002, -4.98261042e-002, 4.03877720e-002,
       1.87086493e-001, -1.89830735e-002, -4.45613973e-002,
       -3.44711728e-002, -1.83269777e-003, -3.22399922e-002,
       -6.04287647e-002, -4.96331230e-002, -4.82552312e-003,
       -1.94797982e-002, -1.43715832e-002, -9.20702238e-003,
       -1.99926682e-002, -4.90636304e-002, -7.90408701e-002,
       -6.03206493e-002, 5.38190864e-002, -3.99217270e-002,
       -7.92632103e-002, -7.49453902e-002, -5.40060885e-002,
       -6.02650158e-002, -4.59465943e-002, -2.28964835e-002,
       3.41013789e-001, -1.84119754e-002, -1.15838863e-001,
       -1.67278200e-001, -1.72899246e-001, -9.32053775e-002,
       -2.99107488e-002, 8.89960974e-002, 3.34496498e-002,
       -9.97984409e-002, -5.65663688e-002, -1.58655029e-002,
       4.12826277e-002, 2.57195756e-002, -1.30823189e-002,
       -5.50828278e-002, -2.50744037e-002, -1.82496104e-002,
       -1.33971544e-002, -2.62958221e-002, -3.85213457e-002,
       -5.28877340e-002, -5.98371141e-002, -5.20263128e-002,
       4.59844470e-002, -2.31882874e-002, -5.55273220e-002,
       -6.32631108e-002, -4.56500649e-002, -7.31507391e-002,
       -7.24533275e-002, -4.20482568e-002, 3.44825804e-001,
       7.82432705e-002, -3.51621173e-002, -8.94903690e-002,
       -1.65025279e-001, -1.66450575e-001, -1.26947284e-001,
       -2.41481401e-002, 4.72560227e-002, -6.27365261e-002,
       -2.45206505e-002, 1.68651864e-002, 4.51031290e-002,
       -8.26493371e-003, -5.76935299e-002, -9.72108245e-002,
       -1.37741836e-002, -5.59421293e-002, -7.57291839e-002,
       -6.20397441e-002, -3.11722439e-002, -1.24331433e-002,
       -1.08835623e-002, -1.55999009e-002, 2.94966437e-002,
       -2.99797375e-002, -5.72156571e-002, -4.64995615e-002,
       -1.96511392e-002, -4.06631492e-002, -4.96106707e-002,
       -1.20920362e-002, 3.58009636e-001, 2.94362400e-002,
       -6.62487447e-002, -7.50798360e-002, -8.70582610e-002,
       -9.20513645e-002, -7.88313672e-002, 3.73364836e-002,
       2.14665547e-001, -6.36091754e-002, -6.93174154e-002,
       -2.58038733e-002, 1.16690621e-002, -2.49669794e-002,
       -4.74249721e-002, -9.87144187e-004, 5.65682491e-003,
       -6.38695881e-002, -7.80828148e-002, -3.75607684e-002,
       -4.87358309e-003, -4.65245597e-004, -2.11793259e-002,
       -1.97404847e-002, 4.95394543e-002, 1.38206780e-002,
       -1.86118502e-002, -4.63048276e-003, 1.05343098e-002,
       9.50014312e-003, -1.80495623e-002, -1.87502755e-003,
       3.18961382e-001, 6.76160455e-002, -3.71820964e-002,
       -4.12090905e-002, -4.39754128e-002, -3.50881033e-002,
       -5.37404492e-002, 5.40227517e-002, 2.01522619e-001,
       1.40630035e-002, -3.09778079e-002, 1.14017837e-002,
       7.44465142e-002, -2.69112606e-002, -7.86583424e-002,
       -1.73823144e-002, 1.02222702e-002, -1.56136071e-002,
       -1.32943634e-002, 3.98941003e-002, 7.44007155e-002,
       -4.87865042e-003, -6.67696968e-002, -4.30051610e-002,
       4.73387502e-002, -1.42511651e-002, -6.49676621e-002,
       -3.00742034e-002, 1.01122512e-002, 2.23252587e-002,
       -3.35280958e-004, 5.76825719e-003, 8.45402628e-002,
       7.03898445e-002, -2.21332815e-002, -2.30678730e-002,
       -1.67333148e-002, -3.73795107e-002, -1.50239229e-001,
       -1.41791686e-001, 1.40877798e-001, 4.22310829e-002,
       7.21712634e-002, 1.23275876e-001, 6.13141805e-002,
       -1.85267955e-001, -2.64369994e-001, -1.26945451e-001,
       2.01678909e-002, 1.92415919e-002, 6.91353455e-002,
       9.43036303e-002, 5.97322695e-002, -8.83260965e-002,
       -1.95718318e-001, -6.93614855e-002, -3.48915048e-002,
       1.13942835e-003, -1.20775877e-002, -1.23486752e-002,
       -1.51876798e-002, 1.90789923e-002, 2.06624623e-002,
       1.30994087e-002, -7.00427517e-002, 1.74540177e-001,
       1.55083016e-001, 2.93113943e-002, -1.89041644e-002,
       6.94210781e-003, 3.65929399e-003, -6.90612048e-002,
       -1.42633393e-001, 1.46381199e-001, 2.73921549e-001,
       1.81668192e-001, -4.36032638e-002, -1.44120336e-001,
       -1.01362504e-001, -5.49636930e-002, -5.61214564e-003,
       9.09165964e-002, 1.66913584e-001, 8.56918171e-002,
       -4.19624560e-002, -1.19967885e-001, -1.06201582e-001,
       -1.92354247e-002, -3.97833474e-002, -1.17836532e-003,
       9.99808125e-003, 2.47423653e-003, -1.77547093e-002,
       4.21226397e-003, 7.12597370e-003, -5.33922063e-003,
       -3.10060829e-001, -2.89705433e-002, 5.76273091e-002,
       3.70372683e-002, 8.25664494e-003, 3.61397117e-002,
       3.28732133e-002, -5.69908582e-002, -2.01796114e-001,
       3.92479338e-002, 9.92472544e-002, 2.36083977e-002,
       -6.63455278e-002, -1.38749825e-002, 2.11880095e-002,
       -1.78112797e-002, 1.36370966e-002, 6.42334968e-002,
       6.75839633e-002, 1.13945995e-002, -6.38514087e-002,
       -5.22894636e-002, -1.42574240e-003, 1.20405508e-002,
       -3.78885120e-002, 3.21512893e-002, 6.78909719e-002,
       9.29615553e-003, -7.51754194e-002, -3.36191282e-002,
       -4.16824681e-004, -7.32875941e-003, -3.83949615e-002,
       6.49960712e-002, 6.24350533e-002, -3.71789746e-002,
