%YAML:1.0
e_vectors: !!opencv-matrix
   rows: 14
   cols: 128
   dt: f
   data: [ -2.61086002e-002, -4.30698507e-002, -3.69789824e-002,
       -2.81062610e-002, 1.09011540e-003, 1.66720478e-003,
       -1.01966420e-002, -9.66755673e-003, 1.83905825e-001,
       -5.98748354e-003, -4.03891876e-002, -3.24843787e-002,
       -2.50773113e-002, -2.09965743e-002, -3.84212323e-002,
       -4.87052873e-002, 3.69841754e-001, 5.19818440e-002,
       -4.34381925e-002, -4.73482832e-002, -8.76957700e-002,
       -7.33571351e-002, -6.68199733e-002, -2.43846197e-002,
       3.14526185e-002, -3.82558815e-002, -3.56524885e-002,
       -4.19674665e-002, -4.66322340e-002, -2.86682341e-002,
       -3.82426754e-002, -4.05431949e-002, -6.46712556e-002,
       -3.90271395e-002, -3.67164239e-002, -3.50196846e-002,
       -1.99593827e-002, -6.60951529e-003, -3.01750284e-003,
       -8.73105135e-003, 5.05868867e-002, -2.50418298e-002,
       -2.78077833e-002, -1.38689689e-002, 7.53442524e-004,
       -2.63010375e-002, -7.58684576e-002, -1.44095212e-001,
       3.51869434e-001, 6.65409788e-002, -4.16190289e-002,
       -7.85847306e-002, -1.69905126e-001, -1.76169798e-001,
       -1.29051715e-001, -5.73094040e-002, 6.90079704e-002,
       -2.75909882e-002, -4.63524945e-002, -6.01868555e-002,
       -7.20707849e-002, -6.27656654e-002, -7.15740025e-002,
       -5.47050759e-002, -7.17554092e-002, -1.47002283e-002,
       -3.84039688e-003, -1.20584555e-002, -1.83655620e-002,
       -3.77357416e-002, -3.47327068e-002, -2.97383238e-002,
       4.67824861e-002, -1.60940528e-001, -8.06658864e-002,
       -2.30138488e-002, 7.86336663e-004, -1.58590842e-002,
       -2.73434017e-002, -1.55495564e-002, 3.51607084e-001,
       -6.13903031e-002, -1.35742515e-001, -1.68230146e-001,
       -1.55847847e-001, -8.47101808e-002, -4.68164012e-002,
       6.95454478e-002, 6.80639595e-002, -4.72300388e-002,
       -6.24216832e-002, -6.24261945e-002, -6.90470338e-002,
       -6.44529313e-002, -4.96805273e-002, -2.95188297e-002,
       -2.74943560e-002, -1.73469540e-002, -9.41327773e-003,
       -1.07203820e-003, -6.78976579e-003, -3.49757560e-002,
       -4.16061357e-002, -3.38265337e-002, 1.83953628e-001,
       -4.48720343e-002, -4.48770374e-002, -2.61735003e-002,
       -1.53974760e-002, -3.39419320e-002, -4.41700146e-002,
       5.80725726e-003, 3.60564202e-001, -2.41690259e-002,
       -7.23891407e-002, -6.59840927e-002, -6.76967949e-002,
       -4.73156609e-002, -4.38193083e-002, 6.34123608e-002,
       4.29176912e-002, -2.89967228e-002, -4.24836911e-002,
       -3.31374891e-002, -3.90067957e-002, -3.33036482e-002,
       -3.40684913e-002, -2.81981491e-002, 4.26758491e-002,
       9.58725810e-003, -3.78787480e-002, -3.02049909e-002,
       -4.10083681e-002, -6.17630221e-002, -4.57044505e-002,
       -2.29046196e-002, 3.05878997e-001, 3.98219703e-003,
       -6.41921088e-002, -8.15962031e-002, -9.82468873e-002,
       -5.28209135e-002, -1.91252679e-002, 5.25743440e-002,
       4.83133383e-002, -6.21521808e-002, -2.78477613e-002,
       -6.62400620e-003, 3.58802192e-002, 5.38253319e-003,
       -2.53343992e-002, -5.52944094e-002, -3.85356434e-002,
       -7.26502435e-003, 3.03117791e-003, 1.68234427e-002,
       6.32725377e-003, -4.60215732e-002, -4.85258512e-002,
       -4.60989587e-002, 8.88230652e-002, -1.40761919e-002,
       -4.95593026e-002, -5.90793341e-002, -5.75746112e-002,
       -6.71779737e-002, -5.81928343e-002, -3.41936499e-002,
       3.53414088e-001, -1.09429387e-002, -8.89963806e-002,
       -1.71459183e-001, -2.21373707e-001, -1.04765452e-001,
       1.14852644e-003, 1.42982125e-001, -1.33009985e-001,
       -1.46429166e-001, -2.57364865e-002, 2.89738290e-002,
       1.12005293e-001, 1.08854949e-001, 5.34459651e-002,
       -5.03786132e-002, -9.05071273e-002, -7.10377935e-003,
       2.14419402e-002, 1.01998914e-002, -1.29043404e-002,
       -4.08923663e-002, -1.94820873e-002, -3.33900116e-002,
       6.31421506e-002, -2.39068866e-002, -5.72164357e-002,
       -7.02187940e-002, -4.86592166e-002, -5.23116253e-002,
       -4.53317501e-002, -3.74699347e-002, 3.54384482e-001,
       1.54519588e-001, 9.20653157e-003, -8.59585255e-002,
       -2.11125225e-001, -1.98057547e-001, -1.23588555e-001,
       -2.13373452e-002, -1.18755475e-001, -4.99559566e-002,
       3.90632078e-002, 1.01362355e-001, 9.89417359e-002,
       3.45605500e-002, -3.23593989e-002, -1.38992310e-001,
       -7.66053796e-002, -4.45112884e-002, -6.13163188e-002,
       -4.72889058e-002, -8.51339661e-003, 3.12513560e-002,
       3.58679034e-002, -5.82705624e-003, 2.23176312e-002,
       -4.08547632e-002, -4.54566218e-002, -4.47676219e-002,
       -2.32716743e-002, -2.09587440e-002, -1.98145416e-002,
       2.93631153e-003, 2.91086257e-001, 2.30990779e-002,
       -3.15953940e-002, -6.52736425e-002, -1.04220808e-001,
       -7.24428073e-002, -5.71925044e-002, 3.74203809e-002,
       8.15359950e-002, -5.77949136e-002, -3.16496529e-002,
       -2.64506321e-004, 1.97450165e-002, 4.08516638e-003,
       -2.50648875e-002, -4.61995192e-002, -2.39596628e-002,
       -5.02258018e-002, -5.91312684e-002, -2.70665791e-002,
       1.69614982e-002, 2.90709883e-002, 1.66793994e-004,
       -1.28013063e-002, -3.33678871e-002, -1.21674361e-003,
       1.76751129e-002, 5.00697969e-003, 7.25954026e-003,
       -1.48024363e-002, 7.86000583e-003, 1.35246012e-002,
       -2.81200737e-001, -3.55490595e-002, 4.03405949e-002,
       2.85699405e-002, 4.90463153e-002, 2.67479178e-002,
       3.50884795e-002, -4.18929197e-002, -2.16644779e-001,
       1.04453126e-002, 4.49595489e-002, -1.17010865e-002,
       -2.12400723e-002, 3.72930877e-002, 4.96351384e-002,
       -1.86448973e-002, 7.21259508e-003, 2.91387551e-002,
       1.68681107e-002, -5.41889928e-002, -4.78568487e-002,
       2.94263419e-002, 3.74657884e-002, 3.44230235e-002,
       -3.58199440e-002, 1.06235268e-002, 3.79137807e-002,
       1.84944142e-002, -5.89288864e-003, -1.41960150e-002,
       1.75047328e-003, 1.23773818e-003, -6.83096498e-002,
       -4.97141667e-002, 1.03033977e-002, 5.13721909e-003,
       2.80216858e-002, 4.93424647e-002, 1.30052492e-001,
       1.13933496e-001, -1.46529362e-001, -3.46746556e-002,
       -8.50955024e-002, -1.50224939e-001, -3.95429991e-002,
       2.25205660e-001, 2.46627554e-001, 9.63173360e-002,
       5.33417985e-003, -3.26096802e-003, -8.17109272e-002,
       -1.41164675e-001, -4.63816077e-002, 1.40888974e-001,
       1.90988123e-001, 7.23527521e-002, 3.25587057e-002,
       6.57933624e-003, 6.32220414e-003, 9.02070384e-003,
       4.64645447e-003, -1.31242797e-002, -3.16361114e-002,
       -2.61903815e-002, 5.35940379e-002, -1.46601796e-001,
       -1.55403405e-001, -4.83699180e-002, 1.04514603e-002,
       1.58351623e-002, 5.33037120e-004, 4.20508832e-002,
       1.43705994e-001, -1.15957603e-001, -2.65400201e-001,
       -2.09083036e-001, 2.73657534e-002, 1.81105778e-001,
       1.30296096e-001, 6.34624735e-002, 2.42603896e-003,
       -8.91272053e-002, -1.62451237e-001, -1.27504215e-001,
       2.72702556e-002, 1.85987964e-001, 1.48122251e-001,
       2.35720221e-002, 4.69802320e-002, 1.21396035e-002,
       -5.15920715e-003, -1.00956652e-002, 1.57210545e-003,
       5.44623123e-004, -1.97885763e-002, -2.56916843e-002,
       3.00121039e-001, 4.87437397e-002, -3.80462296e-002,
       -5.01886457e-002, -2.31641214e-002, -2.59400252e-002,
       -3.96706052e-002, 3.01511232e-002, 2.11267158e-001,
       -2.17370093e-002, -6.45117685e-002, -4.33609523e-002,
       1.86086725e-002, 2.25777514e-002, -8.66985880e-003,
       2.90223323e-002, -2.31226366e-002, -6.02732338e-002,
       -3.99764404e-002, -2.94955559e-002, 3.90693508e-002,
       6.53546378e-002, 6.77122781e-003, -6.88117463e-003,
       4.62043509e-002, -4.34475280e-002, -6.17648363e-002,
       3.51013918e-003, 8.36233646e-002, 4.47753519e-002,
       5.33575518e-003, 6.92464272e-003, 7.59378076e-002,
       -7.34762698e-002, -6.60309494e-002, 3.33085582e-002,
